# Kaynak ve hedef grup ID'leri
SOURCE_CHAT_IDS = [
    -1002426296728, -1002287692349, -1001754667210, -1001500758239, -1001309043988, 
    -1001300125542, -1001119474689, -1001592255703, -1001072723547, -1001651867282,
    -1001685592361, -1002148819380, -1001545329534, -1001680150184, -1001251696875,
    -1001431653920, -1001852523368, -1001124828542, -1001193342710, -1001407588332,
    -1001219306781, -1001315401890, -1001428197987, -1001556054753, -1001904314755,
    -1001995654128, -1001488075213, -1001504061837, -1001139555501, -1001874673597,
    -1001578431103, -1001300416070, -1001497194440, -1001343414272, -1001337673071,
    -1001126647644, -1002212658999, -1001892497462, -1001235684992, -1001630141654,
    -1001695579877, -1001550493534, -1001636846282, -1001609073900, -1001627754948,
    -1001692375261, -1001083845103, -1002058968393, -1001347722933, -1001813459797,
        
]
TARGET_CHAT_ID = -1002445915101  # Hedef grup ID
